3.000000 3.000000
2.963649 0.094930
2.856926 0.094421
2.686668 0.093346
2.463750 0.091578
2.202351 0.089056
1.918987 0.085786
1.631396 0.081840
1.357333 0.077346
1.113366 0.072477
0.913757 0.067439
0.769501 0.062456
0.687584 0.057749
0.670521 0.053524
0.716195 0.049955
0.818016 0.047173
0.965382 0.045254
1.144418 0.044213
1.338937 0.044007
1.531557 0.044531
1.704904 0.045630
1.842812 0.047107
1.931439 0.048739
1.960235 0.050287
1.922673 0.051518
1.816711 0.052219
1.644953 0.052208
1.414489 0.051353
1.136427 0.049577
0.825155 0.046865
0.497380 0.043265
0.171004 0.038884
-0.136077 0.033884
-0.407177 0.028469
-0.627943 0.022870
-0.787315 0.017336
-0.878264 0.012108
-0.898263 0.007412
-0.849439 0.003438
-0.738420 0.000332
-0.575870 -0.001819
-0.375753 -0.002987
-0.154369 -0.003207
0.070763 -0.002576
0.282104 -0.001243
0.463304 0.000600
0.600315 0.002732
0.682356 0.004919
0.702650 0.006927
0.658886 0.008542
0.553381 0.009583
0.392919 0.009915
0.188287 0.009458
-0.046461 0.008192
-0.294966 0.006162
-0.539687 0.003470
-0.763096 0.000269
-0.948887 -0.003242
-1.083089 -0.006840
-1.155033 -0.010284
-1.158084 -0.013342
-1.090108 -0.015796
-0.953628 -0.017465
-0.755665 -0.018215
-0.507273 -0.017967
-0.222799 -0.016705
0.081077 -0.014474
0.386465 -0.011381
0.675469 -0.007586
0.931389 -0.003292
1.139843 0.001270
1.289727 0.005853
1.373959 0.010215
1.389941 0.014131
1.339720 0.017409
1.229827 0.019905
1.070822 0.021528
0.876550 0.022252
0.663183 0.022108
0.448100 0.021193
0.248690 0.019652
0.081145 0.017675
-0.040654 0.015480
-0.106101 0.013299
-0.108599 0.011361
-0.046027 0.009878
0.079106 0.009024
0.259819 0.008933
0.485123 0.009678
0.740759 0.011275
1.010166 0.013675
1.275593 0.016771
1.519308 0.020402
1.724797 0.024367
1.877889 0.028434
1.967712 0.032360
1.987434 0.035904
1.934729 0.038845
1.811933 0.040994
1.625885 0.042213
1.387467 0.042416
1.110859 0.041581
0.812584 0.039748
0.510383 0.037019
0.222015 0.033549
-0.035949 0.029534
-0.249241 0.025201
-0.406865 0.020792
-0.501829 0.016544
-0.531616 0.012680
-0.498339 0.009384
-0.408585 0.006799
-0.272952 0.005011
-0.105312 0.004045
0.078152 0.003863
0.260059 0.004370
0.423039 0.005416
0.550927 0.006810
0.629888 0.008332
0.649371 0.009749
0.602852 0.010832
0.488293 0.011369
0.308299 0.011184
0.069963 0.010146
-0.215606 0.008181
-0.534017 0.005275
-0.868561 0.001479
-1.201334 -0.003099
-1.514440 -0.008295
-1.791189 -0.013904
-2.017228 -0.019694
-2.181495 -0.025416
-2.276960 -0.030825
-2.301094 -0.035697
-2.256024 -0.039840
-2.148376 -0.043109
-1.988813 -0.045413
-1.791299 -0.046727
-1.572132 -0.047085
-1.348834 -0.046582
-1.138938 -0.045368
-0.958798 -0.043633
-0.822459 -0.041599
-0.740704 -0.039501
-0.720309 -0.037571
-0.763584 -0.036023
-0.868214 -0.035038
-1.027414 -0.034750
-1.230397 -0.035241
-1.463111 -0.036528
-1.709196 -0.038569
-1.951112 -0.041261
-2.171333 -0.044449
-2.353553 -0.047937
-2.483801 -0.051498
-2.551411 -0.054896
-2.549747 -0.057894
-2.476678 -0.060277
-2.334728 -0.061863
-2.130919 -0.062518
-1.876307 -0.062164
-1.585241 -0.060783
-1.274402 -0.058422
-0.961682 -0.055187
-0.664979 -0.051238
-0.400996 -0.046778
-0.184117 -0.042039
-0.025447 -0.037266
0.067929 -0.032704
0.093410 -0.028576
0.053039 -0.025074
-0.046651 -0.022342
-0.195108 -0.020472
-0.378487 -0.019491
-0.580620 -0.019364
-0.784129 -0.019999
-0.971632 -0.021248
-1.126937 -0.022922
-1.236167 -0.024803
-1.288720 -0.026659
-1.278003 -0.028260
-1.201897 -0.029398
-1.062916 -0.029894
-0.868044 -0.029617
-0.628275 -0.028494
-0.357870 -0.026508
-0.073396 -0.023709
0.207392 -0.020204
0.466760 -0.016153
0.688188 -0.011760
0.857501 -0.007253
0.963822 -0.002879
1.000316 0.001124
0.964651 0.004532
0.859159 0.007158
0.690674 0.008863
0.470073 0.009561
0.211532 0.009231
-0.068431 0.007911
-0.352080 0.005704
-0.621663 0.002764
-0.860611 -0.000713
-1.054664 -0.004499
-1.192828 -0.008353
-1.268120 -0.012037
-1.278026 -0.015332
-1.224664 -0.018049
-1.114629 -0.020048
-0.958522 -0.021243
-0.770221 -0.021609
-0.565917 -0.021184
-0.362993 -0.020063
-0.178827 -0.018397
-0.029589 -0.016376
0.070879 -0.014220
0.112022 -0.012164
0.087308 -0.010435
-0.005305 -0.009247
-0.163218 -0.008775
-0.379346 -0.009151
-0.642585 -0.010449
-0.938548 -0.012682
-1.250536 -0.015801
-1.560648 -0.019696
-1.850994 -0.024205
-2.104894 -0.029124
-2.307998 -0.034218
-2.449250 -0.039241
-2.521628 -0.043948
-2.522608 -0.048113
-2.454323 -0.051546
-2.323407 -0.054102
-2.140528 -0.055691
-1.919657 -0.056286
-1.677099 -0.055922
-1.430379 -0.054695
-1.197041 -0.052755
-0.993443 -0.050293
-0.833636 -0.047529
-0.728410 -0.044699
-0.684547 -0.042036
-0.704364 -0.039754
-0.785552 -0.038034
-0.921333 -0.037011
-1.100926 -0.036765
-1.310284 -0.037315
-1.533056 -0.038619
-1.751706 -0.040574
-1.948716 -0.043025
-2.107784 -0.045776
-2.214949 -0.048602
-2.259547 -0.051264
-2.234952 -0.053527
-2.139038 -0.055177
-1.974333 -0.056032
-1.747868 -0.055957
-1.470704 -0.054875
-1.157196 -0.052767
-0.824033 -0.049682
-0.489110 -0.045725
-0.170333 -0.041058
0.115589 -0.035881
0.354267 -0.030429
0.534590 -0.024946
0.649466 -0.019676
0.696288 -0.014845
0.677096 -0.010643
0.598413 -0.007216
0.470790 -0.004654
0.308062 -0.002986
0.126394 -0.002176
-0.056843 -0.002133
-0.224271 -0.002709
-0.359704 -0.003715
-0.449272 -0.004932
-0.482376 -0.006131
-0.452430 -0.007081
-0.357320 -0.007572
-0.199564 -0.007427
0.013848 -0.006517
0.271917 -0.004765
0.560378 -0.002158
0.862657 0.001256
1.160996 0.005369
1.437655 0.010020
1.676111 0.015008
1.862183 0.020101
1.984989 0.025055
2.037690 0.029629
2.017951 0.033601
1.928097 0.036784
1.774961 0.039036
1.569413 0.040274
1.325626 0.040475
1.060114 0.039678
0.790608 0.037985
0.534859 0.035550
0.309429 0.032570
0.128577 0.029272
0.003291 0.025896
-0.059448 0.022680
-0.057129 0.019846
0.008124 0.017578
0.129716 0.016019
0.297042 0.015255
0.496219 0.015309
0.711056 0.016145
0.924164 0.017666
1.118164 0.019722
1.276885 0.022123
1.386479 0.024648
1.436391 0.027063
1.420086 0.029139
1.335518 0.030665
1.185286 0.031463
0.976472 0.031403
0.720179 0.030409
0.430790 0.028470
0.125005 0.025633
-0.179279 0.022008
-0.464173 0.017758
-0.712998 0.013088
-0.911405 0.008230
-1.048340 0.003432
-1.116783 -0.001061
-1.114210 -0.005025
-1.042755 -0.008268
-0.909053 -0.010645
-0.723773 -0.012068
-0.500885 -0.012508
-0.256697 -0.012002
-0.008734 -0.010645
0.225461 -0.008586
0.429530 -0.006016
0.589419 -0.003158
0.694342 -0.000246
0.737513 0.002488
0.716618 0.004828
0.633965 0.006595
0.496334 0.007652
0.314505 0.007920
0.102525 0.007379
-0.123253 0.006073
-0.345292 0.004103
-0.546073 0.001626
-0.709295 -0.001164
-0.820993 -0.004041
-0.870505 -0.006766
-0.851201 -0.009105
-0.760953 -0.010842
-0.602291 -0.011796
-0.382241 -0.011833
-0.111864 -0.010873
0.194488 -0.008901
0.520127 -0.005963
0.847160 -0.002166
1.157683 0.002331
1.434992 0.007324
1.664696 0.012582
1.835689 0.017859
1.940881 0.022911
1.977668 0.027513
1.948092 0.031473
1.858680 0.034648
1.719984 0.036946
1.545845 0.038339
1.352428 0.038862
1.157108 0.038608
0.977268 0.037724
0.829095 0.036398
0.726465 0.034850
0.679978 0.033310
0.696226 0.032008
0.777325 0.031154
0.920761 0.030925
1.119548 0.031452
1.362691 0.032810
1.635930 0.035012
1.922694 0.038012
2.205231 0.041700
2.465802 0.045918
2.687892 0.050462
2.857321 0.055101
2.963215 0.059592
2.998737 0.063693
2.961557 0.067183
2.854007 0.069875
2.682922 0.071627
2.459178 0.072356
2.196953 0.072039
1.912766 0.070717
1.624354 0.068489
1.349471 0.065511
1.104686 0.061980
0.904262 0.058123
0.759193 0.054180
0.676466 0.050390
0.658596 0.046973
0.703467 0.044116
0.804487 0.041960
0.951057 0.040592
1.129300 0.040035
1.323031 0.040254
1.514867 0.041151
1.687434 0.042577
1.824567 0.044341
1.912425 0.046223
1.940456 0.047990
1.902134 0.049412
1.795418 0.050278
1.622913 0.050411
1.391707 0.049680
1.112908 0.048012
0.800907 0.045392
0.472409 0.041871
0.145318 0.037557
-0.162472 0.032614
-0.434274 0.027246
-0.655735 0.021688
-0.815793 0.016185
-0.907422 0.010983
-0.928092 0.006308
-0.879931 0.002350
-0.769567 -0.000744
-0.607663 -0.002887
-0.408183 -0.004050
-0.187428 -0.004269
0.037083 -0.003638
0.247814 -0.002308
0.428412 -0.000470
0.564832 0.001656
0.646291 0.003835
0.666012 0.005834
0.621686 0.007439
0.515628 0.008469
0.354624 0.008789
0.149461 0.008320
-0.085808 0.007043
-0.334824 0.004999
-0.580044 0.002293
-0.803942 -0.000921
-0.990210 -0.004446
-1.124879 -0.008058
-1.197278 -0.011516
-1.200772 -0.014588
-1.133228 -0.017056
-0.997168 -0.018739
-0.799613 -0.019503
-0.551617 -0.019268
-0.267527 -0.018019
0.035976 -0.015802
0.341005 -0.012722
0.629662 -0.008940
0.885247 -0.004658
1.093378 -0.000109
1.242953 0.004463
1.326888 0.008813
1.342586 0.012717
1.292093 0.015984
1.181942 0.018469
1.022692 0.020083
0.828188 0.020796
0.614601 0.020643
0.399313 0.019718
0.199710 0.018168
0.031986 0.016183
-0.089979 0.013980
-0.155578 0.011791
-0.158215 0.009846
-0.095769 0.008355
0.029252 0.007495
0.209867 0.007397
0.435085 0.008137
0.690651 0.009728
0.960000 0.012123
1.225383 0.015215
1.469067 0.018842
1.674541 0.022803
1.827630 0.026867
1.917463 0.030790
1.937209 0.034331
1.884543 0.037270
1.761798 0.039418
1.575816 0.040635
1.337476 0.040837
1.060961 0.040002
0.762792 0.038170
0.460711 0.035441
0.172476 0.031972
-0.085341 0.027958
-0.298473 0.023627
-0.455923 0.019220
-0.550701 0.014975
-0.580287 0.011114
-0.546797 0.007822
-0.456816 0.005241
-0.320944 0.003457
-0.153050 0.002496
0.030678 0.002319
0.212864 0.002832
0.376136 0.003883
0.504329 0.005284
0.583606 0.006813
0.603419 0.008237
0.557242 0.009328
0.443037 0.009873
0.263410 0.009696
0.025452 0.008667
-0.259726 0.006712
-0.577733 0.003816
-0.911862 0.000029
-1.244209 -0.004537
-1.556876 -0.009723
-1.833176 -0.015321
-2.058753 -0.021099
-2.222547 -0.026809
-2.317528 -0.032206
-2.341168 -0.037065
-2.295592 -0.041195
-2.187427 -0.044450
-2.027337 -0.046740
-1.829285 -0.048040
-1.609571 -0.048383
-1.385714 -0.047865
-1.175251 -0.046636
-0.994532 -0.044885
-0.857606 -0.042835
-0.775253 -0.040721
-0.754251 -0.038774
-0.796911 -0.037209
-0.900915 -0.036206
-1.059481 -0.035902
-1.261822 -0.036374
-1.493884 -0.037643
-1.739311 -0.039666
-1.980559 -0.042339
-2.200104 -0.045508
-2.381639 -0.048976
-2.511197 -0.052517
-2.578108 -0.055895
-2.575738 -0.058872
-2.501956 -0.061235
-2.359286 -0.062800
-2.154751 -0.063435
-1.899405 -0.063059
-1.607600 -0.061656
-1.296016 -0.059273
-0.982545 -0.056016
-0.685085 -0.052045
-0.420339 -0.047563
-0.202692 -0.042801
-0.043249 -0.038005
0.050904 -0.033420
0.077167 -0.029268
0.037583 -0.025743
-0.061317 -0.022988
-0.208978 -0.021094
-0.391559 -0.020088
-0.592889 -0.019938
-0.795594 -0.020548
-0.982287 -0.021772
-1.136781 -0.023422
-1.245197 -0.025278
-1.296933 -0.027109
-1.285397 -0.028686
-1.208470 -0.029798
-1.068666 -0.030269
-0.872971 -0.029967
-0.632376 -0.028818
-0.361144 -0.026807
-0.075843 -0.023982
0.205774 -0.020451
0.465970 -0.016375
0.688228 -0.011955
0.858369 -0.007423
0.965519 -0.003023
1.002841 0.001005
0.968004 0.004440
0.863338 0.007092
0.695679 0.008823
0.475902 0.009547
0.218184 0.009242
-0.060959 0.007949
-0.343789 0.005768
-0.612556 0.002854
-0.850690 -0.000597
-1.043931 -0.004357
-1.181287 -0.008185
-1.255774 -0.011844
-1.264878 -0.015112
-1.210718 -0.017804
-1.099888 -0.019777
-0.942991 -0.020947
-0.753904 -0.021287
-0.548817 -0.020836
-0.345117 -0.019690
-0.160179 -0.017999
-0.010173 -0.015953
0.091057 -0.013772
0.132956 -0.011690
0.108993 -0.009938
0.017125 -0.008725
-0.140050 -0.008228
-0.355445 -0.008580
-0.617958 -0.009853
-0.913202 -0.012062
-1.224477 -0.015157
-1.533884 -0.019029
-1.823533 -0.023515
-2.076742 -0.028410
-2.279162 -0.033481
-2.419739 -0.038481
-2.491450 -0.043165
-2.491772 -0.047308
-2.422837 -0.050719
-2.291279 -0.053252
-2.107767 -0.054819
-1.886271 -0.055393
-1.643098 -0.055008
-1.395773 -0.053760
-1.161839 -0.051799
-0.957653 -0.049316
-0.797269 -0.046532
-0.691476 -0.043682
-0.647056 -0.040999
-0.666326 -0.038698
-0.746977 -0.036958
-0.882232 -0.035916
-1.061310 -0.035652
-1.270163 -0.036184
-1.492441 -0.037470
-1.710609 -0.039407
-1.907147 -0.041841
-2.065755 -0.044574
-2.172471 -0.047383
-2.216632 -0.050029
-2.191611 -0.052277
-2.095282 -0.053911
-1.930176 -0.054750
-1.703321 -0.054661
-1.425779 -0.053563
-1.111906 -0.051442
-0.778389 -0.048342
-0.443126 -0.044372
-0.124021 -0.039691
0.162218 -0.034502
0.401199 -0.029037
0.581812 -0.023542
0.696965 -0.018261
0.744052 -0.013418
0.725111 -0.009205
0.646667 -0.005768
0.519269 -0.003196
0.356753 -0.001517
0.175284 -0.000699
-0.007768 -0.000646
-0.175023 -0.001213
-0.310298 -0.002211
-0.399720 -0.003421
-0.432692 -0.004612
-0.402628 -0.005555
-0.307412 -0.006040
-0.149565 -0.005889
0.063924 -0.004973
0.322057 -0.003216
0.610568 -0.000605
0.912884 0.002814
1.211247 0.006931
1.487915 0.011586
1.726367 0.016577
1.912420 0.021673
2.035195 0.026629
2.087851 0.031204
2.068053 0.035178
1.978127 0.038361
1.824904 0.040615
1.619257 0.041853
1.375357 0.042053
1.109718 0.041256
0.840072 0.039562
0.584169 0.037125
0.358572 0.034143
0.177539 0.030842
0.052059 0.027463
-0.010887 0.024244
-0.008789 0.021406
0.056231 0.019135
0.177577 0.017571
0.344643 0.016801
0.543548 0.016850
0.758099 0.017680
0.970909 0.019195
1.164599 0.021245
1.322995 0.023638
1.432254 0.026155
1.481817 0.028563
1.465151 0.030631
1.380210 0.032148
1.229593 0.032937
1.020382 0.032867
0.763680 0.031864
0.473869 0.029914
0.167652 0.027066
-0.137077 0.023430
-0.422427 0.019169
-0.671719 0.014486
-0.870605 0.009616
-1.008030 0.004806
-1.076973 0.000300
-1.074911 -0.003678
-1.003979 -0.006934
-0.870809 -0.009326
-0.686072 -0.010763
-0.463738 -0.011218
-0.220113 -0.010727
0.027277 -0.009385
0.260889 -0.007342
0.464365 -0.004789
0.623652 -0.001947
0.727963 0.000948
0.770513 0.003665
0.748988 0.005988
0.665697 0.007736
0.527419 0.008775
0.344934 0.009025
0.132290 0.008465
-0.094159 0.007140
-0.316879 0.005151
-0.518347 0.002654
-0.682264 -0.000156
-0.794665 -0.003052
-0.844886 -0.005798
-0.826299 -0.008158
-0.736775 -0.009916
-0.578842 -0.010891
-0.359529 -0.010949
-0.089894 -0.010012
0.215709 -0.008062
0.540594 -0.005146
0.866867 -0.001370
1.176625 0.003104
1.453163 0.008074
1.682092 0.013309
1.852305 0.018563
1.956712 0.023591
1.992711 0.028169
1.962342 0.032106
1.872133 0.035257
1.732637 0.037531
1.557693 0.038900
1.363469 0.039398
1.167339 0.039120
0.986686 0.038211
0.837698 0.036860
0.734249 0.035287
0.686942 0.033722
0.702368 0.032395
0.782644 0.031516
0.925255 0.031262
1.123215 0.031763
1.365532 0.033095
1.637942 0.035272
1.923878 0.038246
2.205586 0.041909
2.465329 0.046100
2.686589 0.050618
2.855190 0.055231
2.960256 0.059696
2.994951 0.063771
2.956945 0.067236
2.848570 0.069901
2.676661 0.071628
2.452096 0.072331
2.189052 0.071988
1.904047 0.070639
1.614820 0.068386
1.339124 0.065382
1.093529 0.061825
0.892299 0.057941
0.746426 0.053973
0.662900 0.050157
0.644234 0.046714
0.688311 0.043832
0.788543 0.041650
0.934329 0.040256
1.111793 0.039675
1.304749 0.039868
1.495816 0.040740
1.667619 0.042141
1.803992 0.043880
1.891096 0.045737
1.918380 0.047479
1.879316 0.048877
1.771865 0.049718
1.598630 0.049827
1.366702 0.049072
1.087188 0.047380
0.774478 0.044736
0.445279 0.041191
0.117493 0.036855
-0.190983 0.031888
-0.463464 0.026497
-0.685596 0.020916
-0.846317 0.015391
-0.938600 0.010166
-0.959916 0.005469
-0.912392 0.001489
-0.802657 -0.001627
-0.641372 -0.003791
-0.442503 -0.004975
-0.222348 -0.005215
0.001572 -0.004606
0.211721 -0.003296
0.391747 -0.001478
0.527605 0.000629
0.608512 0.002788
0.627691 0.004767
0.582834 0.006353
0.476256 0.007365
0.314742 0.007667
0.109079 0.007179
-0.126677 0.005884
-0.376170 0.003823
-0.621856 0.001100
-0.846208 -0.002131
-1.032919 -0.005673
-1.168019 -0.009301
-1.240837 -0.012775
-1.244739 -0.015862
-1.177591 -0.018345
-1.041914 -0.020043
-0.844731 -0.020822
-0.597094 -0.020602
-0.313351 -0.019366
-0.010182 -0.017162
0.294525 -0.014095
0.582873 -0.010326
0.838162 -0.006057
1.046010 -0.001519
1.195314 0.003041
1.278991 0.007380
1.294444 0.011274
1.243720 0.014531
1.133351 0.017006
0.973895 0.018609
0.779199 0.019313
0.565434 0.019152
0.349980 0.018219
0.150226 0.016661
-0.017637 0.014668
-0.139727 0.012457
-0.205437 0.010262
-0.208172 0.008311
-0.145810 0.006814
-0.020859 0.005949
0.159698 0.005846
0.384874 0.006581
0.640410 0.008168
0.909743 0.010559
1.175123 0.013647
1.418819 0.017272
1.624318 0.021230
1.777445 0.025292
1.867331 0.029214
1.887144 0.032754
1.834556 0.035692
1.711905 0.037839
1.526030 0.039057
1.287811 0.039259
1.011429 0.038425
0.713408 0.036594
0.411487 0.033868
0.123426 0.030400
-0.134203 0.026389
-0.347135 0.022061
-0.504371 0.017658
-0.598921 0.013417
-0.628267 0.009560
-0.594524 0.006273
-0.504277 0.003697
-0.368125 0.001919
-0.199939 0.000963
-0.015906 0.000794
0.166598 0.001313
0.330199 0.002372
0.458735 0.003780
0.538367 0.005317
0.558547 0.006750
0.512750 0.007850
0.398936 0.008404
0.219713 0.008237
-0.017829 0.007219
-0.302580 0.005273
-0.620148 0.002388
-0.953827 -0.001387
-1.285711 -0.005942
-1.597905 -0.011115
-1.873721 -0.016701
-2.098803 -0.022466
-2.262090 -0.028162
-2.356555 -0.033546
-2.379666 -0.038391
-2.333552 -0.042507
-2.224839 -0.045747
-2.064191 -0.048023
-1.865570 -0.049307
-1.645277 -0.049634
-1.420832 -0.049101
-1.209771 -0.047855
-1.028445 -0.046088
-0.890903 -0.044021
-0.807924 -0.041889
-0.786288 -0.039924
-0.828305 -0.038341
-0.931658 -0.037320
-1.089564 -0.036997
-1.291236 -0.037451
-1.522623 -0.038700
-1.767365 -0.040703
-2.007921 -0.043357
-2.226767 -0.046506
-2.407597 -0.049953
-2.536441 -0.053475
-2.602631 -0.056831
-2.599535 -0.059787
-2.525020 -0.062129
-2.381610 -0.063673
-2.176329 -0.064285
-1.920232 -0.063887
-1.627669 -0.062462
-1.315322 -0.060057
-1.001083 -0.056777
-0.702851 -0.052783
-0.437327 -0.048278
-0.218898 -0.043493
-0.058668 -0.038674
0.036276 -0.034064
0.063334 -0.029889
0.024550 -0.026339
-0.073548 -0.023560
-0.220404 -0.021642
-0.402176 -0.020612
-0.602695 -0.020437
-0.804585 -0.021022
-0.990461 -0.022222
-1.144136 -0.023846
-1.251731 -0.025677
-1.302644 -0.027483
-1.290284 -0.029034
-1.212532 -0.030121
-1.071901 -0.030566
-0.875378 -0.030239
-0.633955 -0.029064
-0.361894 -0.027027
-0.075764 -0.024177
0.206682 -0.020620
0.467707 -0.016518
0.690793 -0.012072
0.861762 -0.007514
0.969738 -0.003088
1.007885 0.000966
0.973872 0.004427
0.870029 0.007105
0.703191 0.008862
0.484232 0.009612
0.227330 0.009334
-0.050998 0.008066
-0.333018 0.005911
-0.600976 0.003023
-0.838305 -0.000402
-1.030745 -0.004136
-1.167303 -0.007939
-1.240995 -0.011572
-1.249309 -0.014814
-1.194363 -0.017480
-1.082751 -0.019428
-0.925077 -0.020573
-0.735218 -0.020888
-0.529365 -0.020412
-0.324903 -0.019241
-0.139209 -0.017524
0.011547 -0.015454
0.113522 -0.013249
0.156160 -0.011142
0.132929 -0.009365
0.041786 -0.008128
-0.114669 -0.007608
-0.329353 -0.007935
-0.591160 -0.009185
-0.885707 -0.011370
-1.196292 -0.014442
-1.505017 -0.018291
-1.793990 -0.022753
-2.046533 -0.027626
-2.248295 -0.032675
-2.388222 -0.037652
-2.459292 -0.042314
-2.458980 -0.046436
-2.389422 -0.049825
-2.257249 -0.052337
