1.000000
0.987050
0.948536
0.885456
0.799443
0.692724
0.568065
0.428693
0.278217
0.120537
-0.040266
-0.200026
-0.354605
-0.500000
-0.632445
-0.748511
-0.845190
-0.919979
-0.970942
-0.996757
-0.996757
-0.970942
-0.919979
-0.845190
-0.748511
-0.632445
-0.500000
-0.354605
-0.200026
-0.040266
0.120537
0.278217
0.428693
0.568065
0.692724
0.799443
0.885456
0.948536
0.987050
1.000000
0.987050
0.948536
0.885456
0.799443
0.692724
0.568065
0.428693
0.278217
0.120537
-0.040266
-0.200026
-0.354605
-0.500000
-0.632445
-0.748511
-0.845190
-0.919979
-0.970942
-0.996757
-0.996757
-0.970942
-0.919979
-0.845190
-0.748511
-0.632445
-0.500000
-0.354605
-0.200026
-0.040266
0.120537
0.278217
0.428693
0.568065
0.692724
0.799443
0.885456
0.948536
0.987050
1.000000
0.987050
0.948536
0.885456
0.799443
0.692724
0.568065
0.428693
0.278217
0.120537
-0.040266
-0.200026
-0.354605
-0.500000
-0.632445
-0.748511
-0.845190
-0.919979
-0.970942
-0.996757
-0.996757
-0.970942
-0.919979
-0.845190
-0.748511
-0.632445
-0.500000
-0.354605
-0.200026
-0.040266
0.120537
0.278217
0.428693
0.568065
0.692724
0.799443
0.885456
0.948536
0.987050
1.000000
0.987050
0.948536
0.885456
0.799443
0.692724
0.568065
0.428693
0.278217
0.120537
-0.040266
-0.200026
-0.354605
-0.500000
-0.632445
-0.748511
-0.845190
-0.919979
-0.970942
-0.996757
-0.996757
-0.970942
-0.919979
-0.845190
-0.748511
-0.632445
-0.500000
-0.354605
-0.200026
-0.040266
0.120537
0.278217
0.428693
0.568065
0.692724
0.799443
0.885456
0.948536
0.987050
1.000000
0.987050
0.948536
0.885456
0.799443
0.692724
0.568065
0.428693
0.278217
0.120537
-0.040266
-0.200026
-0.354605
-0.500000
-0.632445
-0.748511
-0.845190
-0.919979
-0.970942
-0.996757
-0.996757
-0.970942
-0.919979
-0.845190
-0.748511
-0.632445
-0.500000
-0.354605
-0.200026
-0.040266
0.120537
0.278217
0.428693
0.568065
0.692724
0.799443
0.885456
0.948536
0.987050
1.000000
0.987050
0.948536
0.885456
0.799443
0.692724
0.568065
0.428693
0.278217
0.120537
-0.040266
-0.200026
-0.354605
-0.500000
-0.632445
-0.748511
-0.845190
-0.919979
-0.970942
-0.996757
-0.996757
-0.970942
-0.919979
-0.845190
-0.748511
-0.632445
-0.500000
-0.354605
-0.200026
-0.040266
0.120537
0.278217
0.428693
0.568065
0.692724
0.799443
0.885456
0.948536
0.987050
1.000000
0.987050
0.948536
0.885456
0.799443
0.692724
0.568065
0.428693
0.278217
0.120537
-0.040266
-0.200026
-0.354605
-0.500000
-0.632445
-0.748511
-0.845190
-0.919979
-0.970942
-0.996757
-0.996757
-0.970942
-0.919979
-0.845190
-0.748511
-0.632445
-0.500000
-0.354605
-0.200026
-0.040266
0.120537
0.278217
0.428693
0.568065
0.692724
0.799443
0.885456
0.948536
0.987050
1.000000
0.987050
0.948536
0.885456
0.799443
0.692724
0.568065
0.428693
0.278217
0.120537
-0.040266
-0.200026
-0.354605
-0.500000
-0.632445
-0.748511
-0.845190
-0.919979
-0.970942
-0.996757
-0.996757
-0.970942
-0.919979
-0.845190
-0.748511
-0.632445
-0.500000
-0.354605
-0.200026
-0.040266
0.120537
0.278217
0.428693
0.568065
0.692724
0.799443
0.885456
0.948536
0.987050
1.000000
0.987050
0.948536
0.885456
0.799443
0.692724
0.568065
0.428693
0.278217
0.120537
-0.040266
-0.200026
-0.354605
-0.500000
-0.632445
-0.748511
-0.845190
-0.919979
-0.970942
-0.996757
-0.996757
-0.970942
-0.919979
-0.845190
-0.748511
-0.632445
-0.500000
-0.354605
-0.200026
-0.040266
0.120537
0.278217
0.428693
0.568065
0.692724
0.799443
0.885456
0.948536
0.987050
1.000000
0.987050
0.948536
0.885456
0.799443
0.692724
0.568065
0.428693
0.278217
0.120537
-0.040266
-0.200026
-0.354605
-0.500000
-0.632445
-0.748511
-0.845190
-0.919979
-0.970942
-0.996757
-0.996757
-0.970942
-0.919979
-0.845190
-0.748511
-0.632445
-0.500000
-0.354605
-0.200026
-0.040266
0.120537
0.278217
0.428693
0.568065
0.692724
0.799443
0.885456
0.948536
0.987050
1.000000
0.987050
0.948536
0.885456
0.799443
0.692724
0.568065
0.428693
0.278217
0.120537
-0.040266
-0.200026
-0.354605
-0.500000
-0.632445
-0.748511
-0.845190
-0.919979
-0.970942
-0.996757
-0.996757
-0.970942
-0.919979
-0.845190
-0.748511
-0.632445
-0.500000
-0.354605
-0.200026
-0.040266
0.120537
0.278217
0.428693
0.568065
0.692724
0.799443
0.885456
0.948536
0.987050
1.000000
0.987050
0.948536
0.885456
0.799443
0.692724
0.568065
0.428693
0.278217
0.120537
-0.040266
-0.200026
-0.354605
-0.500000
-0.632445
-0.748511
-0.845190
-0.919979
-0.970942
-0.996757
-0.996757
-0.970942
-0.919979
-0.845190
-0.748511
-0.632445
-0.500000
-0.354605
-0.200026
-0.040266
0.120537
0.278217
0.428693
0.568065
0.692724
0.799443
0.885456
0.948536
0.987050
1.000000
0.987050
0.948536
0.885456
0.799443
0.692724
0.568065
0.428693
0.278217
0.120537
-0.040266
-0.200026
-0.354605
-0.500000
-0.632445
-0.748511
-0.845190
-0.919979
-0.970942
-0.996757
-0.996757
-0.970942
-0.919979
-0.845190
-0.748511
-0.632445
-0.500000
-0.354605
-0.200026
-0.040266
0.120537
0.278217
0.428693
0.568065
0.692724
0.799443
0.885456
0.948536
0.987050
1.000000
0.987050
0.948536
0.885456
0.799443
0.692724
0.568065
0.428693
0.278217
0.120537
-0.040266
-0.200026
-0.354605
-0.500000
-0.632445
-0.748511
-0.845190
-0.919979
-0.970942
-0.996757
-0.996757
-0.970942
-0.919979
-0.845190
-0.748511
-0.632445
-0.500000
-0.354605
-0.200026
-0.040266
0.120537
0.278217
0.428693
0.568065
0.692724
0.799443
0.885456
0.948536
0.987050
1.000000
0.987050
0.948536
0.885456
0.799443
0.692724
0.568065
0.428693
0.278217
0.120537
-0.040266
-0.200026
-0.354605
-0.500000
-0.632445
-0.748511
-0.845190
-0.919979
-0.970942
-0.996757
-0.996757
-0.970942
-0.919979
-0.845190
-0.748511
-0.632445
-0.500000
-0.354605
-0.200026
-0.040266
0.120537
0.278217
0.428693
0.568065
0.692724
0.799443
0.885456
0.948536
0.987050
1.000000
0.987050
0.948536
0.885456
0.799443
0.692724
0.568065
0.428693
0.278217
0.120537
-0.040266
-0.200026
-0.354605
-0.500000
-0.632445
-0.748511
-0.845190
-0.919979
-0.970942
-0.996757
-0.996757
-0.970942
-0.919979
-0.845190
-0.748511
-0.632445
-0.500000
-0.354605
-0.200026
-0.040266
0.120537
0.278217
0.428693
0.568065
0.692724
0.799443
0.885456
0.948536
0.987050
1.000000
0.987050
0.948536
0.885456
0.799443
0.692724
0.568065
0.428693
0.278217
0.120537
-0.040266
-0.200026
-0.354605
-0.500000
-0.632445
-0.748511
-0.845190
-0.919979
-0.970942
-0.996757
-0.996757
-0.970942
-0.919979
-0.845190
-0.748511
-0.632445
-0.500000
-0.354605
-0.200026
-0.040266
0.120537
0.278217
0.428693
0.568065
0.692724
0.799443
0.885456
0.948536
0.987050
1.000000
0.987050
0.948536
0.885456
0.799443
0.692724
0.568065
0.428693
0.278217
0.120537
-0.040266
-0.200026
-0.354605
-0.500000
-0.632445
-0.748511
-0.845190
-0.919979
-0.970942
-0.996757
-0.996757
-0.970942
-0.919979
-0.845190
-0.748511
-0.632445
-0.500000
-0.354605
-0.200026
-0.040266
0.120537
0.278217
0.428693
0.568065
0.692724
0.799443
0.885456
0.948536
0.987050
1.000000
0.987050
0.948536
0.885456
0.799443
0.692724
0.568065
0.428693
0.278217
0.120537
-0.040266
-0.200026
-0.354605
-0.500000
-0.632445
-0.748511
-0.845190
-0.919979
-0.970942
-0.996757
-0.996757
-0.970942
-0.919979
-0.845190
-0.748511
-0.632445
-0.500000
-0.354605
-0.200026
-0.040266
0.120537
0.278217
0.428693
0.568065
0.692724
0.799443
0.885456
0.948536
0.987050
1.000000
0.987050
0.948536
0.885456
0.799443
0.692724
0.568065
0.428693
0.278217
0.120537
-0.040266
-0.200026
-0.354605
-0.500000
-0.632445
-0.748511
-0.845190
-0.919979
-0.970942
-0.996757
-0.996757
-0.970942
-0.919979
-0.845190
-0.748511
-0.632445
-0.500000
-0.354605
-0.200026
-0.040266
0.120537
0.278217
0.428693
0.568065
0.692724
0.799443
0.885456
0.948536
0.987050
1.000000
0.987050
0.948536
0.885456
0.799443
0.692724
0.568065
0.428693
0.278217
0.120537
-0.040266
-0.200026
-0.354605
-0.500000
-0.632445
-0.748511
-0.845190
-0.919979
-0.970942
-0.996757
-0.996757
-0.970942
-0.919979
-0.845190
-0.748511
-0.632445
-0.500000
-0.354605
-0.200026
-0.040266
0.120537
0.278217
0.428693
0.568065
0.692724
0.799443
0.885456
0.948536
0.987050
1.000000
0.987050
0.948536
0.885456
0.799443
0.692724
0.568065
0.428693
0.278217
0.120537
-0.040266
-0.200026
-0.354605
-0.500000
-0.632445
-0.748511
-0.845190
-0.919979
-0.970942
-0.996757
-0.996757
-0.970942
-0.919979
-0.845190
-0.748511
-0.632445
-0.500000
-0.354605
-0.200026
-0.040266
0.120537
0.278217
0.428693
0.568065
0.692724
0.799443
0.885456
0.948536
0.987050
1.000000
0.987050
0.948536
0.885456
0.799443
0.692724
0.568065
0.428693
0.278217
0.120537
-0.040266
-0.200026
-0.354605
-0.500000
-0.632445
-0.748511
-0.845190
-0.919979
-0.970942
-0.996757
-0.996757
-0.970942
-0.919979
-0.845190
-0.748511
-0.632445
-0.500000
-0.354605
-0.200026
-0.040266
0.120537
0.278217
0.428693
0.568065
0.692724
0.799443
0.885456
0.948536
0.987050
1.000000
0.987050
0.948536
0.885456
0.799443
0.692724
0.568065
0.428693
0.278217
0.120537
-0.040266
-0.200026
-0.354605
-0.500000
-0.632445
-0.748511
-0.845190
-0.919979
-0.970942
-0.996757
-0.996757
-0.970942
-0.919979
-0.845190
-0.748511
-0.632445
-0.500000
-0.354605
-0.200026
-0.040266
0.120537
0.278217
0.428693
0.568065
0.692724
0.799443
0.885456
0.948536
0.987050
1.000000
0.987050
0.948536
0.885456
0.799443
0.692724
0.568065
0.428693
0.278217
0.120537
-0.040266
-0.200026
-0.354605
-0.500000
-0.632445
-0.748511
-0.845190
-0.919979
-0.970942
-0.996757
-0.996757
-0.970942
-0.919979
-0.845190
-0.748511
-0.632445
-0.500000
-0.354605
-0.200026
-0.040266
0.120537
0.278217
0.428693
0.568065
0.692724
0.799443
0.885456
0.948536
0.987050
1.000000
0.987050
0.948536
0.885456
0.799443
0.692724
0.568065
0.428693
0.278217
0.120537
-0.040266
-0.200026
-0.354605
-0.500000
-0.632445
-0.748511
-0.845190
-0.919979
-0.970942
-0.996757
-0.996757
-0.970942
-0.919979
-0.845190
-0.748511
